Classic
255,0,0
255,255,0
0,0,255
Connect 4
Candy
255,105,180
255,255,102
255,240,245
Sweet 4
Christmas
0,128,0
220,20,60
245,255,250
Ho Ho Ho 4
Lava
255,69,0
255,215,0
50,0,0
Hot 4
Forest
34,139,34
139,69,19
204,255,204
Green Tree 4
Galaxy
138,43,226
0,255,255
25,25,112
Starry 4
Neon
57,255,20
255,20,147
10,10,10
Electric 4
Ocean
0,105,148
255,255,255
0,51,102
Wet 4
Shadow
64,64,64
192,192,192
32,32,32
Dark 4
Fire & Ice
255,0,0
0,191,255
30,30,30
Hot Cold 4
Midnight
0,0,128
173,216,230
20,20,60
Black 4
Sandstorm
194,178,128
255,255,224
210,180,140
Dusty 4
Tropical
255,105,97
0,191,165
240,255,255
Island 4
asdasd
255,255,255
255,255,255
255,255,255
asdasd
test
11,11,  11
2, 3, 4
5, 5, 5
test 4
